296
356
318
593
2571
260
527
1196
2858
608
589
1198
858
1270
480
4993
2959
2028
1210
50
5952
1
110
588
47
4306
2762
7153
457
780
1580
364
3578
541
150
590
1136
1704
32
1197
6539
8961
1240
919
4226
592
1221
1265
778
1193
380
595
1036
4963
6377
4886
2716
912
1213
2918
1291
4973
648
1097
1089
924
293
377
3114
6874
5349
1721
1214
733
2997
7361
4995
750
58559
1682
1200
3793
1732
1073
5418
1206
3996
2396
34
1923
1617
597
923
1527
500
1968
1208
4027
367
3897
5445
7438
111
1961
4011
908
2324
33794
904
2797
5989
79132
223
231
357
1222
6711
3481
1387
344
2329
2355
3147
48516
36
1225
4896
1258
8368
2791
8636
1610
3751
1784
2502
1259
2987
551
1079
2628
32587
736
2692
1207
2683
316
6333
953
587
39
2291
4878
539
60069
1288
1307
6
2115
8665
1035
586
1148
8360
5816
745
1246
253
59315
165
1304
2916
1278
2174
920
1080
6016
2000
4034
8874
1252
2706
46578
56367
1247
337
2542
913
288
2599
508
1220
903
440
2081
1917
1028
594
2804
1230
3948
349
30707
68157
1203
4022
1573
1393
1219
555
1517
4979
899
5995
454
1653
44191
7147
1584
10
17
25
292
910
2194
1394
1625
1199
16
1954
4246
442
2
40815
72998
1380
68954
3253
4308
3949
596
246
2700
62
5618
104
5218
95
49272
55820
832
2011
339
3408
3911
235
6365
497
2395
300
51662
2268
2640
3052
509
5669
54286
141
329
50872
33493
68358
1356
8784
1250
969
1500
1242
1204
474
1228
1201
11
5010
1374
48780
2985
2321
1358
914
2005
353
3623
21
1282
5378
7254
6502
3471
1101
434
70286
74458
8464
926
265
2012
1090
3421
5991
1777
1233
208
2302
6942
368
45722
185
1266
48394
3977
1641
63082
471
78499
19
6863
529
1407
1997
1263
3175
2671
898
1234
99114
1608
89745
5060
8622
91529
720
3994
73017
57669
661
3448
2019
515
80463
1645
51255
3671
1127
788
7143
1267
1391
708
8798
1276
1676
3527
922
34405
2580
35836
161
4262
1333
3753
1285
5377
3176
2406
153
1262
785
1183
1302
5679
1215
2712
2710
1022
348
5299
1729
3552
2054
33679
1673
6378
954
520
163
33166
553
350
628
2529
54503
1244
1748
8644
69757
81845
71535
54001
6218
3160
4014
64614
552
1485
3081
261
2353
1059
1639
342
2064
786
1674
5902
3033
2167
1947
4720
1060
41566
8949
410
266
8970
8376
2947
2617
1212
44195
52
49530
3255
88125
40819
6807
805
802
1952
902
3535
345
1293
1223
2968
2248
112852
1287
2294
69122
1299
1884
58
81834
5903
6870
1084
1272
783
2761
955
3462
69844
2144
2006
2657
3702
2289
838
3967
333
4239
5459
109374
3386
3717
48774
2908
87232
1032
1722
6373
44555
7090
852
2572
1271
653
466
3000
800
39183
2890
1256
1172
3363
5502
158
317
59369
1275
1029
5464
4085
1552
1235
1249
2470
2109
494
48385
616
585
1747
7022
376
1376
4848
543
3361
370
1921
3916
911
70
2273
151
29
247
3148
784
236
162
3868
3006
48
3504
4235
4571
76093
2300
3317
6947
3418
1967
5481
91500
4018
7
1094
968
928
55247
8528
2080
96079
47610
34162
933
951
1953
77561
3095
905
1411
1320
59784
6934
5956
56174
5
671
1909
46976
3435
475
1231
54272
432
3039
1375
1175
3210
4370
122886
4447
79702
109487
1907
1292
2541
53125
3396
1544
91542
2105
1269
1092
5782
85414
3499
3362
272
30793
741
2288
916
56782
3752
2973
82459
1217
36529
8972
198
1466
160
5225
1569
1962
81591
1945
38038
92259
3034
4816
76251
909
2193
372
1408
8641
27773
173
2424
1370
900
2076
4025
8957
2001
485
3755
1086
68237
1957
534
1396
2078
1274
2944
38061
61323
2763
4641
4776
1179
45447
431
2455
2948
3735
3703
1088
122882
1377
945
3101
8529
2058
1254
31658
3256
111759
196
2336
1876
3424
942
7451
69481
3683
3246
45
98809
441
1077
866
7373
53996
4223
1597
930
3307
52973
2150
4016
180
216
6953
2699
481
1245
7360
2427
4718
2352
647
1260
673
3
30749
1019
44665
1104
2137
2490
106782
2010
2746
420
116797
2003
2539
3468
97921
994
60684
915
435
5013
468
2243
282
1663
3360
3104
72011
1372
3510
69
1103
2085
54997
97938
610
105
6323
225
5971
2318
2501
3174
256
315
5630
64957
277
2096
7502
134130
1281
3098
1960
971
1296
2100
8807
1284
1227
164
3489
145
53972
531
2359
1513
535
4019
3730
1449
1965
33004
1956
306
72226
562
5015
3020
37729
5872
88744
7293
2087
1994
104841
319
8228
2313
965
88140
6350
1357
2770
3298
2407
2132
1959
1211
30810
7458
1918
2278
4299
194
2186
3275
2863
3791
524
934
94959
31
8958
2020
33615
1343
1129
22
2467
8873
538
1261
3809
4148
2391
2023
186
6979
1185
2881
8533
830
1371
44199
2232
172
4369
1958
2915
1479
2094
1339
3910
3152
6796
55269
1345
112
921
2701
2688
8950
3624
31878
4643
1188
3476
215
4367
30812
6787
3252
39292
4310
2303
115713
2420
2641
3037
2917
5444
1680
106920
252
3798
147
110102
1042
34048
307
1027
362
57368
106487
1061
3082
4734
428
44
6565
4008
1257
97304
940
31410
2125
1025
4975
5103
61132
2622
122904
2707
2694
2949
1298
3186
1147
1023
2687
5878
45517
2161
3359
1093
6440
134853
5266
308
1347
6993
2160
40629
3608
6537
106489
3022
3543
3088
2690
7099
61024
60074
1224
65514
1566
4701
2018
355
2739
2141
1243
41
3785
1835
102445
73321
2394
81847
2528
81562
3035
2724
2857
230
51540
455
84152
3451
1537
1081
3044
8638
4002
47099
2231
1950
8984
3196
3869
1253
112552
175
27611
168
2139
7445
599
6188
30825
8981
3072
6708
1041
7139
273
80489
7323
3893
6936
1321
2723
5954
1283
52722
3358
55765
95510
96821
2581
111362
2431
1405
1248
41997
724
54259
3450
2021
97752
4128
3409
3089
3556
4901
361
122900
3969
3083
64839
106100
1300
3301
3328
86882
3285
2971
3686
950
4161
2140
2046
3108
5810
176
1690
1273
1805
412
4270
1031
3173
918
115617
89492
3019
28
58998
2871
2795
232
4321
949
2686
6541
3555
3201
224
280
1367
41285
45499
2605
81564
81229
79
3341
3507
3469
2474
3452
3826
493
450
59615
1120
6296
8917
2015
8983
1719
492
56757
3526
3479
3060
1178
60
237
2433
5812
1344
7256
581
36517
4623
96610
1095
2565
907
943
3654
3247
8132
1238
97913
3740
6957
1096
1348
1189
936
79091
4499
381
3100
1476
2366
1944
2459
1124
2124
1264
1033
94777
262
222
3844
327
1587
45950
728
4881
501
3263
57640
2664
373
72641
3983
4105
3863
80549
932
3534
946
67255
6773
33660
3334
3745
8361
4326
8910
5673
2208
2065
1912
1693
748
3999
1186
112556
1047
6003
2951
1590
125
44022
3704
3988
31696
4033
3617
5791
4489
322
2145
60950
5064
53322
2919
27721
86332
3300
707
2114
93510
1688
3984
6281
18
379
8783
14
102125
6283
3070
2496
3260
39446
2335
8645
1734
1834
719
1013
67997
2371
4344
2648
1171
105844
3545
34437
4361
3763
2788
2301
1687
3952
1209
901
81932
66934
5690
2384
45728
1955
60072
4069
2750
1441
37741
799
762
3783
514
3071
4467
58803
3178
5507
281
2819
3724
3157
314
3606
45186
1173
2423
999
55290
2013
3198
207
5945
53123
2991
3549
7132
334
2779
3087
1416
63131
6385
1885
4007
2405
1620
65261
2976
839
1939
4903
4343
93840
4023
3107
3105
94
1305
26662
8366
3697
3438
3512
3825
104374
3007
2840
3273
542
5528
3742
2002
26776
2022
3467
931
3005
3699
3591
107
4015
7160
4103
2067
73
2134
135
3546
1015
5146
6242
204
1131
6380
6157
170
2108
31685
540
1951
8914
3594
1966
71464
122892
218
55118
426
3168
60040
55721
637
2598
2803
1754
1882
1982
714
2990
1644
991
2953
52458
5574
2722
46723
77455
3067
1066
68791
2118
3741
1297
986
3134
4351
2728
299
2469
76
97306
3354
23
1361
413
91658
2989
906
5620
1792
3551
203
861
1280
3677
98961
88810
3635
678
9
56152
53000
4890
2357
3061
7156
1303
491
2403
1354
1883
6001
54995
55276
193
85
47518
3068
2505
948
5992
5608
229
1717
4054
104913
86880
4232
2333
640
5152
2924
36519
4017
1464
108932
4102
2485
1589
1562
6331
5135
7482
3871
3548
5785
743
6754
7444
98491
59387
2009
88129
6503
1827
4855
2826
1845
4214
2178
4406
3873
1911
95167
56587
2083
6620
52281
3638
2677
188
3365
1350
3397
2398
1801
1135
947
2311
2935
4638
2126
5254
5219
290
55052
546
119145
41569
84392
6777
3097
3146
609
1132
103228
2726
1218
5049
2551
48082
1873
3271
6987
55280
1635
2567
4446
2926
60126
3524
2702
3615
3675
276
5500
45720
2138
6104
1459
89804
7263
64034
1614
34319
490
952
7162
2720
517
2912
103341
3959
1914
804
3030
7454
27831
1422
7669
72378
303
371
1295
2369
3159
88
8493
71899
3836
3429
5446
419
156
1678
405
2478
1057
382
3681
1192
66097
63876
7091
1125
64716
4865
154
48738
122920
249
144
59900
6618
4857
3508
1892
6659
4037
2071
99007
3629
3310
2936
2929
2393
7285
5505
4545
927
101
973
2942
2463
8157
74789
34150
2759
2245
52245
6867
67087
3744
1034
40583
1948
6753
2961
5294
55442
8371
519
1049
8154
6662
7371
64969
4844
2662
2176
2792
89
7149
32031
1616
84944
417
532
118696
2130
1920
1251
41571
2112
62434
93838
140
2993
42738
2861
2133
3801
3760
1286
4448
52435
112175
1237
84954
3852
3566
1378
2340
1974
1515
32898
7013
2729
106916
798
8370
80906
27660
5074
556
2349
2203
2143
2841
8973
3861
8966
709
2378
2668
1518
3257
1202
7386
52885
6857
5541
49278
97
7346
30816
105504
142488
3676
90405
1694
3102
448
101864
6187
46972
2966
54881
1277
575
5014
2672
53894
5388
1916
1017
53519
2376
3308
139385
27846
44761
3270
3698
128360
3882
3062
1078
68554
68319
7318
4846
6593
59501
1429
8623
13
87306
2946
1586
3653
1711
115569
3111
1301
1946
1409
605
77658
1619
117176
74
71135
6287
5540
2411
7116
2111
82461
663
3494
1030
1009
4880
68073
3398
1499
52952
171
239
766
765
5449
2717
88405
2331
1395
62999
1385
3156
737
227
938
5400
521
3668
2941
3267
3018
5617
1012
4873
51084
2454
2436
86833
1099
2747
2596
3213
4247
94466
1683
3503
674
3814
2600
4327
88163
3203
37731
2142
89864
4823
7063
516
3980
2348
71264
2363
45431
56949
3129
1701
849
37386
134170
64620
3536
152081
6155
2450
213
25771
106002
100
1177
86377
3981
27706
4958
4238
7173
86
5313
81
3505
74228
7324
74275
2732
2093
1934
1924
71033
3929
2033
1964
8879
8507
7706
6893
6461
6286
52328
4914
4642
3167
25750
2202
929
85774
7569
7137
6755
423
4121
4021
34542
3316
2731
2504
89774
7045
4679
4304
3306
7215
507
4941
4190
3477
3038
7802
1111
49286
836
1689
46
3200
837
6669
3685
1419
112183
1050
1366
42004
159
3204
489
1831
3439
78
2410
7317
1082
6724
3498
2090
94864
2846
126
2718
181
1037
63859
5876
3998
2805
4887
4427
3972
1194
2594
2428
106072
30822
1020
53121
26729
37727
2421
34332
917
177
2827
24
1963
37733
1931
36708
1446
56145
8810
321
2422
86345
522
2279
1414
1021
2107
2282
613
2829
2412
85342
2745
1927
1334
1938
3827
1373
53318
58295
289
2810
3355
233
4874
3342
2413
107406
3258
2253
4450
63062
2719
100383
1735
700
1427
3706
2136
1753
95441
446
7064
234
2082
8907
7934
2135
549
427
2059
2089
8916
78469
106438
91630
108190
2070
3593
2527
39715
6552
116823
115122
421
122
61240
8373
2806
267
6881
67734
51935
3077
2447
3917
8865
3484
3712
1085
71379
96829
1150
7325
2249
892
5693
3412
96737
2117
366
3090
2409
482
82
2875
3004
2889
47721
3244
4366
3639
1488
3701
5291
8012
1255
7235
44694
54004
4225
3614
95088
3249
2088
1797
3598
2616
1942
195
935
848
32029
1091
6184
2356
4178
4388
338
27878
1894
735
3986
72
61
4210
422
5008
1760
80219
761
328
106766
3420
662
1643
383
68
1381
7766
4802
1591
12
2920
98124
433
2240
3079
4787
3330
3254
2872
45672
3521
332
544
3821
36535
90866
2106
996
73023
6370
2379
1046
2102
38886
631
83132
550
257
92
2043
106696
86911
4994
89904
1438
5065
27
3219
635
148626
5283
6156
2390
20
58103
52287
2513
57528
206
70533
5747
42011
3519
95858
66203
2073
62081
469
27815
104879
3113
2952
3066
3016
2533
6534
240
63113
43396
1388
7163
72171
1268
1289
1010
4
2068
248
53953
71838
1176
52604
58303
1821
365
2546
59725
71579
30
99813
5026
5017
6709
5147
504
45666
27801
753
7387
5650
5341
5021
2330
1007
85736
6591
47997
429
2870
2730
92535
89470
86347
83134
82667
79553
71462
71156
69951
6944
6783
55814
5379
4186
3993
3872
27317
1658
7767
7570
7505
7123
6974
6774
6721
4795
4616
4552
415
4066
4056
1615
8938
835
81156
7757
73266
7158
56339
547
51412
48698
4211
4132
92420
90746
8580
74324
70293
65
6299
58347
5522
55069
2906
6932
6791
6764
5040
2471
1856
6367
5401
2312
6059
611
71429
2962
2146
48877
55577
4422
42718
26528
108979
55995
34072
2110
4084
3194
5319
6869
57504
2034
6538
3684
3538
73881
506
2099
3135
1232
48043
4333
4967
116
58047
7034
72395
3181
27904
1875
3649
3350
3672
3262
65188
2092
93721
5308
4814
114662
937
5168
1833
1665
115149
96588
2520
87222
53129
477
4357
4322
2066
2372
6743
3516
44633
3501
3182
3831
1648
3968
2888
4155
2995
2808
2978
48304
3153
26326
4835
352
1399
1611
109578
97923
6879
4699
103249
6564
5882
38499
7419
3812
82852
6776
3975
3688
48696
3011
2925
1895
112138
2351
1056
680
5621
8860
85179
6985
89759
3177
711
2563
1588
5066
3807
26084
2794
1447
351
2346
4166
157
6732
3747
7320
2252
55267
2262
1769
3347
302
178
1401
6664
2116
76077
537
50068
31221
2642
2097
2867
7771
1772
5292
2736
3513
2402
1623
5460
742
5009
4992
5944
4187
3357
26
62849
58025
6269
3865
8337
46530
35
7265
8582
7396
8808
7089
66297
1279
76111
7327
3054
4621
7614
48997
4378
26840
56775
3736
1014
3091
27731
7212
436
4010
4970
3483
8191
3927
2247
2392
1327
2072
6125
1913
46970
4478
59421
6790
5780
33171
2338
4220
2069
6954
102123
3053
1713
95309
2188
3723
828
1983
2269
2612
1940
217
3299
1018
4980
74946
41527
3461
2693
117529
7460
8600
6986
69644
138036
2866
111781
2970
49651
4557
3032
103335
5339
79592
79293
79185
6666
5055
3739
7056
2882
4396
3979
3248
6101
2554
7980
80693
146
106918
26131
2475
7154
58299
71745
6058
4228
2123
8833
1556
7943
5151
2859
5525
2290
2173
86504
8531
5296
43
8781
79008
378
3169
2375
340
880
55282
259
2029
818
5577
40278
6297
4662
941
63992
4452
4179
1161
2084
84187
2607
5480
2360
1457
4432
2644
72489
115210
4263
55908
4340
5959
6183
505
91535
3992
7234
6990
93363
87485
3261
2801
2151
146656
82202
6436
2713
2583
7827
60756
7161
3565
558
4700
136864
55167
287
291
1100
72209
69640
57
1460
3179
801
54281
2525
3811
806
56715
360
464
98243
36525
2568
3265
2843
569
2453
3125
1699
2053
4936
40732
3529
102903
2183
891
4678
27788
58154
1005
1672
8838
4772
238
68848
45668
133419
3404
55232
2836
4424
833
66371
1346
73268
60293
103141
71
2038
5114
53993
2004
140110
26614
3987
2014
3766
3430
1365
60397
330
2310
121
4639
5107
34153
7624
73344
4444
4039
3564
1290
54
6643
66019
112171
52975
81782
8169
6935
6561
6062
52666
5095
50740
33437
26555
8640
7926
66171
5955
55768
5238
4407
4292
4153
4024
3795
2940
99145
97866
93512
8968
87192
7566
74545
7121
68838
6379
6375
57401
50658
49649
4765
4743
4681
4618
4356
4144
4052
3679
36527
33639
2937
2891
26865
2492
1564
1542
135133
8947
86320
8589
85788
8264
79139
76173
7493
7380
71466
6811
6808
6722
6480
5670
5632
52767
51277
5108
50641
5034
4889
4723
4722
46322
4537
3903
37830
3475
3225
31437
3086
26712
26524
2611
2561
2316
2204
117192
108583
8908
8574
8511
8491
8477
7981
7809
7728
7700
7649
7209
7072
70567
7046
7044
69606
6873
6303
6291
6093
5867
56788
55094
5385
5177
5120
502
4833
4799
47200
4713
465
43928
4305
4046
4005
3788
3599
3569
3559
34164
3368
3364
33154
3150
31435
3112
30745
2735
26494
2361
2159
2148
2121
2048
100556
982
96911
95311
8937
87430
8633
85412
84952
8188
8042
78349
78105
76293
74416
7439
7247
6975
68347
6612
65642
6235
6216
58351
58191
5668
5265
49396
4661
4660
4533
4041
4029
38304
3819
3792
37857
3600
3470
3444
32840
3163
2932
26547
2458
2443
86000
8576
8530
83976
78088
7698
74677
74152
7362
7347
7155
7135
71106
69406
6768
6731
6413
59118
5398
53956
47999
479
4705
4682
4612
4036
4020
40148
3943
3823
363
3627
33138
31433
2883
2206
1130
87869
8607
7899
7836
77307
6852
68135
64575
6337
62344
6197
55805
55272
51086
47491
4275
41716
3632
31364
3096
2774
2660
2026
93855
8542
8275
6868
5915
56251
50742
48322
3989
3896
31952
26258
1128
6898
66509
55444
4217
4091
2721
2182
6126
483
5391
685
1779
64497
270
1191
74532
34552
69526
893
55
3734
1226
27803
2772
5607
305
369
2613
3789
324
2429
8951
6663
4317
3816
2988
1949
275
1937
7459
358
3371
7348
533
461
3707
4380
2442
1016
3633
3456
62336
90376
58293
3185
3155
242
149
91653
1670
85438
5470
268
47423
102993
8253
98056
59995
2297
7925
2404
110730
3771
3445
4006
3754
688
3802
68269
8985
88267
61236
48982
8502
75341
65585
5159
6586
6970
64
40614
2522
5325
42007
6952
5414
34532
27879
40339
35957
7381
4219
4090
5438
56171
55830
3076
5380
2401
53464
2155
71530
3733
94780
3810
3259
1702
388
2165
135887
3269
445
2481
2322
3036
1707
103235
99764
90600
3936
2734
90439
5686
2416
95558
6433
58306
27156
32596
452
4867
93
65130
4563
62374
65230
331
309
60037
3511
44972
1866
74851
79428
3075
2283
2280
1163
896
190
4254
15
111622
3264
1984
112623
102
93040
27838
6786
1824
116897
104863
6710
5628
5613
5269
3678
54190
36401
6548
99112
7587
393
846
4782
390
3063
5304
2238
495
4562
4518
443
3728
3718
2824
5483
5237
4898
4768
4387
117
5179
456
4251
2482
7983
6213
4911
4837
4809
3813
5508
4974
4956
4334
4294
1392
8596
58156
4506
3794
3858
1601
103253
2822
140174
103048
851
7027
4688
2852
1744
2938
103
4438
2901
25788
484
78637
444
42197
84844
418
3238
4280
1726
7844
6650
99149
1730
808
5524
2468
1431
2676
2574
1483
5840
4519
1008
3051
26025
3183
665
2575
63853
2570
219
5056
2907
4969
1011
5121
43836
7303
72356
4501
97225
5463
1363
64983
60333
3946
6780
7075
55274
53883
8131
74795
639
4149
4951
6989
59731
5881
42732
1180
1051
8197
105197
43936
782
694
5110
3773
33903
8239
43376
2131
1064
51077
4384
1592
2518
68159
6535
5809
33162
132796
42723
347
3250
269
130490
4728
9010
6713
64993
49957
3646
274
51705
8827
5498
27808
8965
3266
87520
4355
3406
3682
3620
3324
3189
1863
809
7841
513
1594
3243
1432
8610
4696
2752
74916
4095
7481
731
67267
48744
313
86298
73290
54732
2757
59018
119141
7842
106642
79357
52319
114180
104283
3973
2927
2704
2201
114028
4372
3199
3657
1935
3268
621
26649
1848
956
3478
1187
374
79274
62956
3414
7826
50851
132046
7087
3950
627
56941
4345
4081
346
7840
93422
8989
4535
4420
91077
619
8581
6170
4143
304
5047
25850
2549
3732
32525
8128
6254
650
6273
5141
1087
3251
8933
5475
4566
824
2364
1806
3581
326
27178
1083
2163
2147
8796
4195
2153
841
5943
55451
2488
7068
5489
4990
510
1684
5222
810
73587
5054
44709
60161
2775
27075
1975
74530
67788
2434
3309
1996
1359
4291
2950
2168
1794
1727
1379
4677
1236
2629
1342
4465
407
71254
55363
4834
2670
2517
136016
4709
33145
4234
2654
50189
59429
2780
1752
149406
8
4558
271
82527
63
6122
85881
74688
2414
2382
3287
160438
5611
4278
2532
2531
2530
187
169
2585
116977
5820
3721
3387
99
3930
66246
150548
1633
779
3991
1995
1667
6909
1603
1423
3824
111360
96655
64249
59306
4329
254
152077
84374
2905
31694
7060
2042
105593
2383
46965
4474
2764
56156
81158
548
37240
104925
4502
2344
4443
82169
73106
33834
132
1686
8751
704
4273
4191
8225
2553
27022
8754
155
1389
112290
3515
33646
64285
44788
4231
2389
2328
128512
34338
2306
4954
8666
697
3626
3422
255
6595
3925
754
83613
6818
27822
2769
1941
131724
8866
2387
2793
2630
2986
8969
80
437
3326
2715
66
1681
45081
4031
2879
4386
6596
4673
191
120799
4929
139644
7004
4849
107141
8577
6412
8998
66785
61352
49314
32844
2511
1925
8451
7878
72224
60990
60291
5367
3218
130520
127202
90947
84601
8261
7812
77291
72880
6638
6419
55110
5234
5232
5062
44004
3460
3405
3235
2625
2057
149354
1455
109187
8930
8906
889
876
8753
86190
85510
83359
8158
81083
79136
7366
7164
65216
6339
5932
5440
5333
48593
4717
4704
4654
4645
4628
4410
4200
4124
3915
3509
3500
3128
295
26749
2589
2579
205
1746
984
95135
93498
8979
89305
8650
84312
83803
8123
75440
7369
72407
7142
6963
6930
6920
6644
6449
63393
63072
6243
6035
60128
5949
5847
5818
5765
55872
5244
5233
51174
48856
46559
44301
4368
42900
42191
3848
3715
3349
3284
32797
30820
2798
27834
26422
25769
2221
2210
2200
1809
147426
115664
1123
1024
99675
97870
97168
96110
95475
94896
94325
93320
90374
8999
8964
89300
89039
88345
875
87304
86487
84506
84116
83411
8189
80586
80241
75823
74580
73211
7307
7115
7069
70282
702
7011
69974
69945
6793
6772
67665
64501
64499
6427
62155
6207
6140
61357
6121
60937
60766
6063
59418
59273
5866
58649
5850
5828
56908
55245
5506
5329
52456
5231
5214
5165
5137
5134
5105
50011
49265
48159
46967
4630
4627
42351
4189
4086
3926
3900
3790
3774
3700
36509
3643
3609
3604
3457
3441
3388
3217
31804
31193
3116
30850
2984
2802
27792
2714
27109
2627
2624
2494
2272
2261
2241
2120
2041
1889
1647
155611
1541
1529
1340
118105
112515
110591
98607
97230
961
96075
95752
95113
93287
92509
8988
882
864
8620
8609
850
8340
83322
8199
81831
8183
81786
8125
8117
80553
80126
7976
79242
7924
78729
7833
7792
77798
76091
7577
74944
74624
74282
7374
7355
72733
72165
71650
7107
7082
7074
7043
7007
69524
6888
6880
68793
6877
6864
68205
67957
67408
6679
659
6582
6465
62511
6214
61646
60763
60487
59141
58627
58315
5830
5799
57274
5710
55999
5544
55063
5421
5415
53887
5316
5243
51080
5023
4920
48501
48165
4783
4766
4733
4725
47044
4680
4655
4617
4567
45501
4526
45183
45062
4479
4404
4282
42783
4277
4194
4146
40412
387
37739
3743
3713
3622
3616
3588
3550
3437
34323
32825
32598
30867
3074
3069
3010
2998
2981
2839
2749
27397
27351
26501
26268
2620
26009
25952
2524
2446
2417
2275
2214
2195
2128
2037
1972
1795
149572
138696
122924
122902
117895
115680
107348
103772
102194
100527
98963
98154
98083
970
96811
96448
962
95965
95720
95499
95377
94939
94018
93061
91978
8870
8861
8724
8712
8584
8537
8499
84696
84154
8369
82242
81784
81535
8147
8121
81132
80862
80217
8010
79203
7914
78772
787
77907
7720
7713
7619
7586
7478
74685
74508
7449
74452
7382
7352
73015
72781
72720
72393
7238
722
7211
72109
7208
72043
71640
7101
7079
6961
6890
68884
6835
6782
6639
6636
6617
66130
65665
656
65088
6493
6327
6306
6290
62718
6238
61160
6077
6051
6021
59727
5940
59126
59103
58520
57038
5682
5642
56333
5625
5560
55261
5490
5479
54276
53435
5323
5301
52967
52950
5288
52717
52644
5142
512
51044
5081
50259
4981
49280
49132
486
48518
4798
47404
4706
4703
4664
463
4629
4570
44587
4454
4442
4383
43391
4252
42418
4229
4221
4180
4131
41226
4043
4040
3928
3922
3914
39052
3849
37720
3758
3544
3539
34334
34326
3417
3379
32515
32296
31973
3192
3165
31547
3133
30898
2893
2847
27850
27713
27700
27592
26810
26797
26684
2661
26599
26585
26492
26472
26393
26231
26007
25852
25752
25744
2506
2255
2212
2187
2184
2051
200
199
1933
1922
1862
1844
162376
1504
147006
1420
135567
135436
127108
123
1184
117851
114552
113741
111384
108945
107978
103624
101525
998
99795
992
98913
97957
97744
96728
96606
96488
95949
91673
90863
9001
8928
8893
8892
8779
86884
8670
8618
85572
85316
8404
8385
8341
834
82037
81516
8142
80599
7982
7920
79134
7894
78209
78122
77810
7762
77435
7579
74868
7484
74754
7375
73168
7236
7223
72129
7210
7193
7151
71433
71390
7117
7096
7076
70728
7025
7024
69516
691
6884
68659
6850
6765
67193
66744
66198
6600
65638
6530
65259
6452
64278
64197
6405
6390
63479
62644
62437
62250
62203
61026
6091
60649
60514
60137
5970
5960
57845
56607
5649
5637
56169
5597
55031
54787
5477
5433
53468
53447
53038
5303
5258
5230
5167
50794
5051
487
48032
4784
4774
47728
47152
4711
4658
45730
4546
4522
4508
4500
44974
4349
4293
4218
4133
4117
4101
4098
40826
4080
3947
39234
3902
3890
3886
3855
3834
3737
3640
33669
3320
3289
32853
32562
3232
32280
3140
31284
31114
3110
3093
2967
2930
2923
2877
2876
2874
2844
27741
26809
26655
2659
26366
26342
26322
26188
26094
25911
25777
2569
2558
2550
2545
250
2499
2457
2374
2263
2205
2181
2177
2113
2045
2027
166
163949
1605
1598
157296
152017
1516
148881
148168
140152
133771
132333
1323
130073
128620
128616
127152
119155
1162
115147
112577
1112
1063
966
96467
95761
95313
94799
944
94024
93693
93324
93265
92008
91199
91094
90647
90428
897
8884
87660
85401
85213
85056
8460
83829
8363
83318
8240
8235
8167
80846
80831
80727
8011
8008
79695
7810
7790
77837
759
73531
7299
72762
72479
72386
71755
71732
7165
7136
71131
71108
70663
7058
7050
7038
7003
6983
6971
6945
6832
6763
6757
67504
6609
6602
65552
6467
6387
63808
6344
63436
63179
6300
6279
62764
6271
6247
6215
62049
61348
61167
60674
600
59814
59810
59684
59594
59392
5868
56921
56869
5662
5655
5603
5523
5478
5389
5315
5312
53024
52668
5247
5187
50160
49526
4888
48817
4821
4757
4741
47254
46544
4632
4600
45837
4553
4437
4389
4350
42734
4255
424
4237
42002
41912
414
40226
3970
3955
3905
37382
3696
3693
3674
3655
3520
34143
3384
33760
33750
33312
32743
3241
32025
31921
3188
31150
3078
2894
2807
27790
27423
26947
26732
26425
26403
26241
26152
25764
2486
1987
1919
1897
1860
1846
1799
1631
161944
160590
145935
1413
113453
109848
1069
106011
1043
101285
98122
97057
96832
95307
95115
939
92424
92004
91947
9018
8986
89343
89085
88380
8797
8711
8684
8535
8207
81417
8130
8126
81018
80026
79677
7932
79318
7889
7811
77866
76210
7573
7572
7487
74327
74089
73929
73808
72647
7179
7080
7078
7073
7061
70565
70183
70159
69849
6959
68486
6690
66317
6536
64622
6460
63836
6163
60943
60753
6022
6005
59339
59143
5826
58029
5792
5752
5746
5712
5675
5604
5473
54372
54256
5357
5334
5255
51709
5073
5072
5059
49824
49822
4902
48520
476
4697
467
4626
4619
4565
4440
4428
43267
4201
4174
4169
40959
4088
3787
33836
3272
31682
31270
31184
31026
3046
3017
2939
2921
2837
27857
26554
26509
26313
2626
2557
2460
2440
2432
2287
2285
2246
2091
2044
1791
1582
150856
142997
139757
139620
139116
138698
130980
111921
110501
104069
102686
93443
8987
8923
8864
8777
8689
85367
8526
8273
82167
81819
7990
79029
77800
74740
73101
7309
725
72308
71057
7055
69458
69069
67295
6355
6244
615
60384
5914
58376
5833
5801
57972
57453
574
54910
5447
53737
5302
5293
5128
50601
4978
451
4405
4401
4375
42677
4236
4116
4048
4047
4030
3554
3447
32234
31689
31549
31035
2903
2880
27875
27646
26400
26171
25827
2495
147010
144620
114707
114670
104881
103137
960
8800
85394
79686
76030
71205
70846
7017
65037
59333
5375
48301
4801
4735
42632
40581
3913
3690
3612
3423
32464
30723
3064
27416
26915
1661
1649
117871
114464
112767
67923
2305
37475
3528
57243
26462
43921
51927
91104
59016
77846
72731
6771
26294
26172
75805
36931
32666
27724
1609
829
7941
816
74450
679
3738
27871
1404
6951
27783
263
124
32170
1003
756
633
392
3806
34198
2381
156607
844
7456
36276
3141
2435
568
4151
3769
7177
3746
26903
2439
3725
3618
3727
1306
38798
1596
606
2060
1461
1190
5957
6006
107559
100714
74727
64701
3841
106441
103279
102792
7062
5504
27728
715
1887
85612
116939
113
103372
80969
7042
6598
40870
2587
2521
1216
3761
3765
3764
2771
3001
134368
6252
80551
78174
27376
8033
72294
31374
87876
8372
78316
4483
88179
54780
84637
78574
69712
747
7395
6785
6231
5568
4453
2380
1943
5085
7697
6889
667
6358
6239
31903
7005
4265
31427
6237
5387
4347
33085
40
3978
8859
56030
4989
4534
1444
1406
612
55566
4822
1826
8544
54290
3400
6428
1810
1241
696
56633
51127
2284
3965
2430
1807
105585
102217
2753
2445
142448
113829
1126
1040
84
81788
2377
2296
137857
130970
129514
104303
66665
5772
4686
2696
143385
120805
115170
111443
110352
97860
55498
2975
2334
211
140715
136447
122888
91690
845
5101
2101
138208
128846
112911
109742
89118
488
140265
118890
107314
89840
78836
7302
62331
43744
136445
108928
107069
102800
88932
42163
27793
106873
105755
92954
92210
5419
4464
110873
1487
3502
1113
453
54736
5382
68099
46865
3325
93326
6550
2169
179
92507
57532
27002
2606
149532
104218
96616
78041
2500
245
2122
132157
103883
103810
2456
1986
52694
50806
1985
66798
6482
50912
2491
1523
59014
2897
1977
114265
112804
82931
130580
129653
25805
134569
110645
96373
95873
42015
101741
8948
5076
2497
31956
8254
55253
33164
279
614
50954
5092
4352
27266
78034
5352
4965
4538
4271
241
4605
6531
5427
4930
4399
3303
5410
5202
4984
3864
3822
320
2869
2063
2008
1164
617
5241
4796
4482
4441
4076
4026
3338
2267
2237
1929
184
144976
84772
565
5602
536
4769
4592
4591
4585
4480
4188
3003
2419
1571
1450
638
5428
5395
5224
4208
3547
2964
2787
2767
2304
2170
1819
1352
129428
8880
7738
4433
30883
3047
2678
1902
1563
1539
94070
8730
7616
7152
5527
5236
4572
2656
2526
705
6978
651
6345
5629
4988
3892
3889
3568
2689
2507
7947
6316
5250
5106
4652
4649
4622
4509
4488
3440
102481
7206
5282
4248
4205
3729
140267
4213
3099
760
1572
1480
2025
8208
61361
201
86781
62113
1900
687
243
354
343
80363
174
2162
764
27899
1453
26513
5768
48061
34534
31923
5839
49772
2077
6474
528
4371
26606
264
6506
4568
4459
148372
3130
26562
6383
5365
4876
107447
5083
4130
2618
107649
53550
3202
153584
129313
106491
64660
6219
1759
141886
99030
79469
59
3120
1554
95654
80717
6268
384
1353
104243
91485
4564
6212
70862
391
8982
45172
7300
56885
1497
1437
105769
67508
45928
31225
30846
1454
869
7376
6450
26394
1526
102753
718
96
8656
63515
51372
4972
100843
71180
61729
59447
4114
3286
3207
26198
1612
107555
8643
105355
7936
69761
26587
98587
2197
97826
6107
4862
4569
110586
103980
3525
2448
2075
511
48682
2856
101070
1398
5888
89087
113862
104441
132952
121618
103042
101362
7919
34435
104590
4928
3990
26842
101962
8484
496
2555
74510
64695
3224
312
30803
27544
26082
5300
2849
2514
53974
4923
3584
3689
3579
2669
2315
1858
6201
4842
4339
2977
2639
4353
3705
3669
3537
51471
4469
4338
3557
32469
3118
31116
8611
71211
4212
3572
3115
26111
7340
6039
4473
4111
1474
2473
1105
3385
6516
301
27478
2365
6996
6718
4676
4104
389
27255
1599
112421
7349
6571
4312
39768
27727
1428
111529
8019
5700
56274
55555
48560
8093
8014
74486
6211
57792
4964
1904
1575
53189
4475
42935
27251
2345
135518
2239
148956
111659
107083
113378
109483
108729
107516
105246
90576
74154
2738
2652
116660
258
698
3656
3580
335
1936
4445
3716
3714
2498
3480
997
85780
416
3567
3540
1006
336
98604
84847
7944
136598
32456
2983
104419
103659
8492
4297
115927
5899
5646
4550
4177
3395
1668
518
50703
26974
2236
104337
7086
5969
5651
4559
4203
1636
141668
4932
4527
439
2337
2250
66544
5985
4316
4181
92751
8830
820
5834
5220
3240
1976
1507
74787
4578
39414
89045
7040
5420
5069
4584
3127
25947
90403
5910
8629
7831
62115
4042
30712
47202
26695
136449
98615
90890
90430
86644
690
65682
573
4767
45208
3401
118468
111617
8765
66915
5927
4945
4466
3768
25868
1998
1174
101142
99728
86548
83349
8094
681
582
5139
3919
2748
1654
129354
107412
81537
59022
4589
1991
1415
127052
121126
102666
100083
879
793
71102
32554
31660
1836
1733
158956
1369
118900
114
620
6027
59945
559
32460
78903
77
721
6902
4915
2180
854
71460
49394
2016
8522
103444
3934
2327
7081
41336
3710
26318
25801
156025
148888
98126
2817
1969
149830
26265
7051
4532
4394
31408
130448
51094
3221
2408
106471
5360
47124
4290
3854
25763
1076
107081
106762
8918
7615
56176
2725
27020
2154
106473
71810
52545
2886
80748
7541
73042
4492
2062
957
31422
60857
2152
6624
5796
52606
4241
2590
90531
523
2166
59721
341
2758
25971
83
73860
6040
4521
26693
2325
3877
285
5170
3945
3466
220
4830
1330
62376
33681
2784
27664
2649
2637
70344
4803
4744
3117
2636
2635
8977
88812
71520
71252
69275
140711
1355
1337
71248
4714
45440
2969
2653
1133
71518
67252
52462
4159
2650
2633
72701
6686
5880
4792
2781
2638
2634
149352
141688
136020
122890
1004
57353
50923
2651
2647
133195
50685
159093
146309
6060
6013
5958
1390
134393
6154
5941
5788
47148
6057
6014
781
630
5879
4587
6012
101947
3997
4009
3799
120637
1484
1475
5864
4061
5572
4067
27369
1865
84236
48783
3883
2191
2036
1351
7283
4727
46574
2103
1472
6477
6466
5917
5832
7204
6794
5413
5117
3957
8935
5364
5278
4753
3590
26700
54768
32153
1642
1311
61465
152
105213
881
7312
65802
4770
3434
2892
27032
97895
2709
26564
7773
71876
5422
2052
91355
45969
39416
3274
2368
106540
3906
103801
70121
59834
44731
39408
26160
1992
43919
577
3786
7002
48660
4045
3726
44197
27604
1425
3963
3208
1981
668
2643
4921
1979
131013
4224
110553
726
5372
4968
96861
91548
8387
114935
65465
5452
5337
4885
162672
51925
48872
118997
149606
50804
127098
109249
98000
55732
37853
3453
117444
89388
34321
108514
50802
499
4593
69280
458
2462
162542
5918
4811
4531
4486
2461
8899
4539
1993
100553
4300
3634
2943
6263
6249
1783
135861
42
118
4738
134783
842
39427
134246
126548
4899
2339
138204
2354
1881
127124
40414
2386
139642
137595
58107
49647
3015
1878
134528
72612
47382
44225
2385
2190
120466
3920
3966
3720
209
8823
8133
65982
55417
3932
2367
55250
4012
4000
5309
6425
1490
90057
6940
59037
43932
26505
26157
111113
8963
8911
8661
82534
5684
44511
2610
2523
1755
1417
130576
118880
1181
109576
87205
8266
8129
80185
70946
7026
5938
5779
5256
50798
50442
46772
4142
3211
2956
26850
26622
26122
132146
113573
104906
94480
8709
8604
83177
78703
7335
7282
7216
7012
6875
67197
6641
6518
6423
64114
6133
5962
5891
5672
5582
5561
5305
5285
4987
49284
4691
46335
4426
41863
4001
39659
36152
31524
3094
3002
2862
26702
25737
2535
2056
135532
127206
127114
109850
109295
100106
99089
98829
988
98458
95375
87884
85796
80860
7984
77414
77206
75813
7367
7245
7070
7036
68945
6887
6629
65685
65567
6464
6329
6162
6064
6042
6033
5732
5667
5601
5518
53
5186
5094
5093
50514
5039
4947
48711
4832
473
4503
4495
4141
4063
4060
39869
3951
37477
3522
3442
34129
3223
32019
31700
31109
3106
3103
2898
2816
27689
2755
26228
26117
26079
26052
2472
2271
2104
2086
1891
1812
1739
160718
1604
1602
159462
157407
1546
1545
1531
152844
147037
134025
132549
129009
1167
1165
115231
111913
110871
103502
102588
102378
99992
98585
97673
96634
95473
92198
91628
8931
8921
89203
8811
8799
8752
86892
86293
84615
8362
8338
8194
803
7948
79299
78039
76272
76060
757
75349
74649
74630
7448
7316
7311
72741
7243
72367
7207
7196
7171
71700
7125
7067
70599
70597
6997
6995
6992
69784
6862
6827
6744
66596
65577
65418
6448
6410
6341
6322
6265
6105
60295
60135
5966
59590
58146
57980
5729
564
56286
5615
55294
54999
54785
5359
5324
52712
5242
5003
4999
4866
48596
4815
47465
47384
4732
4731
46664
46347
4624
45442
44421
4417
43869
4284
4279
4267
4233
4222
41769
41714
4108
39435
3942
3909
3891
3859
37380
3577
3490
3474
3465
3329
3313
32591
32352
32174
3166
3145
2982
2974
2828
27922
27821
27772
2751
27441
27193
27186
26350
26199
26093
25996
25753
2515
2257
2095
1840
1822
1798
1771
1696
1660
159972
155064
151639
150401
1498
1489
1473
143410
142258
137
136666
1341
1336
1332
1331
1312
118985
117511
115877
115502
114762
114342
113640
113186
112550
111663
1114
110882
109853
109042
108447
108192
108076
107999
107382
106839
1054
104726
102819
102396
101612
101415
100365
99846
99468
98279
97639
96563
964
95780
95740
95443
95199
95105
94677
92613
92496
91505
91470
90717
90469
90345
90266
9005
8903
886
8857
8848
8835
8828
88272
8821
8819
87930
87785
8767
87
8699
86864
867
86142
8525
8485
8447
8422
84098
8403
82041
8138
8136
80858
79879
79259
79006
7881
78467
7832
7787
77808
77191
755
7334
7319
7266
7258
7250
7217
71304
7122
7110
7104
7102
70984
7088
7029
70188
7010
6991
69821
6883
6816
6806
6798
6762
6751
6703
6695
6684
6665
6592
6587
6579
6559
6470
6431
6429
6422
64116
632
6318
6308
6302
6294
6203
6166
6148
6132
6127
60609
603
60086
6008
59985
5947
5942
5923
5909
5900
58425
5754
57526
5715
5638
5633
56079
56015
5585
55757
55652
5564
5539
54775
5466
54331
5366
5353
5335
52913
5276
52730
5271
5264
52617
5246
5223
5210
5169
5125
5098
5063
5061
5057
5033
5018
50162
5004
4996
49910
49817
4960
4948
48972
48791
4851
4826
4810
4804
47815
47640
4740
4719
4712
4710
4692
4687
4674
46062
4603
4590
459
4523
45028
44849
4470
44204
44073
43910
4332
4274
42728
42725
42681
4266
4175
4158
4109
4077
3960
39421
3870
3820
3463
34336
3394
33683
33499
3294
3292
3245
32349
31737
3136
31000
3040
3028
2972
294
2902
283
2796
27869
27523
26843
2674
26689
26467
26414
26391
26371
26320
26151
2609
25995
25930
25929
25882
25825
251
2487
2464
2451
2399
2307
2119
2047
2031
1999
1989
1926
1901
189
1870
1837
1692
160271
159755
158314
156387
1543
152057
152025
148652
145150
144172
143859
143657
142507
140759
140753
140749
140247
136602
136592
135569
132961
130628
130087
127319
127198
122932
121113
118924
118814
117107
116161
114601
114074
113938
112818
112006
111680
111235
109372
109317
109161
108551
108548
106452
106111
106062
105468
105254
104662
103543
103384
102720
100304
99811
99276
99273
99270
99220
98908
98795
98611
981
97994
97936
97470
96417
96114
94015
93805
93766
92681
91890
91886
91286
91273
90888
90870
90603
8943
89408
89356
89102
8872
8854
88235
87234
8713
8700
870
86982
86835
8657
865
8617
8616
8571
85397
85131
85016
8465
8423
840
83827
83361
83332
83096
82378
82313
82150
82093
81898
8137
813
81054
80844
8016
8003
79946
79590
7959
7951
7915
7895
7892
78829
7834
7822
7815
78116
78111
7791
775
77359
76303
75983
7583
74698
74668
74438
74156
74115
7343
72605
7260
7219
70927
7065
70545
7028
7018
6999
6966
69529
69306
692
6918
68967
68965
68932
68872
6872
68324
6814
6812
6800
6748
6735
6728
6723
66808
6671
6533
6525
6514
65135
6498
6484
6476
64508
6442
64338
6432
6386
63629
6338
6335
6301
6284
6276
626
6257
6256
62378
6234
6228
6223
6204
6195
6159
61401
61250
61210
61206
61075
60760
60343
6000
5994
5986
5980
59549
5808
57951
5795
57418
5734
5696
5644
5641
5622
56003
5569
5558
5556
5548
55259
55116
55078
5503
54734
54328
53999
5363
5354
5346
5342
53133
52378
5193
51884
51834
51698
5127
5109
5096
5048
5025
50064
5000
49932
4927
49220
49013
4897
48591
4854
4836
4818
47810
4745
47330
472
47122
46974
46850
4644
4625
45726
45679
4555
4543
4524
4515
4462
4451
44397
44317
4414
43917
43908
43871
43635
4359
43177
4298
4296
4268
40851
4053
39941
39398
3923
3921
3885
3837
3833
3829
3784
3777
3775
37736
3709
3659
3621
3619
3596
3576
3575
3574
3495
3491
34528
34523
34520
3428
3390
3377
33672
33558
33296
33124
32892
32882
3276
32686
325
32298
32291
31770
31522
3142
31156
30848
3057
3055
3021
2992
2945
2878
2851
2848
2820
2815
2812
2809
27876
27816
278
27768
2766
27253
26835
2682
26775
2673
26680
26603
26487
26480
26471
26464
26404
26180
2615
26147
26005
25965
25945
25886
25841
25795
2566
2560
2559
2519
2516
2479
2465
2418
2400
2397
2347
2264
2259
2244
2189
2171
2149
2039
2032
202
2017
1910
1886
1874
1854
1750
1703
1669
1657
1640
163056
1621
161830
1613
161084
160567
159690
1581
156609
1503
146688
145307
142422
140880
140763
140761
140757
140755
1397
1384
136018
134881
134158
133365
1329
132618
131168
130452
130450
130351
129191
128606
128592
128235
127178
126006
125916
123947
123695
122490
121171
120635
116855
116012
1153
1151
114082
1137
113565
113416
112749
112497
112370
112277
111931
111486
111364
111228
110748
110655
110461
110127
108156
107702
107636
107057
106870
106022
105954
103596
102880
101283
101088
101025
100581
99839
99470
99320
99296
99005
98473
98296
98230
97328
96849
96815
96726
96020
95875
95744
95201
95067
94931
94494
94266
93980
93700
92966
92938
92665
92309
92234
92206
92058
91935
91869
91582
91323
9004
89881
89870
89427
8929
89090
89047
89030
89000
888
88785
8836
88118
8790
8766
87598
8743
8727
8725
87218
872
8675
8667
8654
86290
8612
86059
8524
84950
8482
8453
84414
84395
8392
83910
83506
83480
8331
8327
82854
8257
82173
82035
8196
80864
8044
79796
79588
7958
7946
7942
79224
7921
7897
7882
7845
78321
78218
7782
7753
7743
7705
7701
769
7627
76175
76054
75816
7571
7560
7492
7450
73759
73741
7354
73392
73319
7315
7308
72919
72630
7257
72131
7199
7198
7190
71823
71533
7108
70994
7095
7093
7085
70762
70751
70678
7008
7000
69805
6950
695
69241
69118
6896
6892
68901
68614
6822
68194
6810
6760
6628
6615
66090
65601
6547
65193
64997
6468
6458
6404
64030
63826
6357
6356
63239
6298
6295
6261
62394
6185
6180
61634
6143
6114
60832
60516
60471
59832
5981
5936
5901
58972
5874
58706
58655
5853
5841
5836
57910
5778
5742
5736
571
5705
5689
56805
5677
5643
56069
5605
55687
554
5517
5515
54648
5417
5384
5361
5356
5344
53326
5307
5289
52831
52579
5248
52460
5205
5198
51773
5171
51304
51207
5099
5079
5075
50651
5041
5028
5022
50005
4998
49902
49225
48142
4800
47629
4752
4749
4748
47287
47261
47196
470
4690
4670
4663
4640
4636
4634
4608
4606
45987
45880
4577
45506
45382
4493
4491
4490
44840
44613
4415
4409
43930
43899
4381
438
43679
4360
4337
4319
4318
42946
4281
425
42009
4198
4173
4156
4135
4115
40723
40574
3964
3961
3953
39381
3937
3933
39307
3851
3846
3838
3757
3695
36533
36397
3587
3573
3571
3563
3518
3497
3487
34536
3446
3427
3425
3393
33917
3391
33838
33826
3370
33621
3339
3331
3318
33158
3302
3296
32735
32444
3239
3216
3214
32139
31930
3190
3158
31502
3144
3143
31420
31290
3109
30892
30783
3043
3025
2979
2922
2855
2853
2845
2800
2789
27873
27839
2782
27812
27802
27800
27798
27784
27704
27338
27322
26999
26886
26854
26788
26782
26726
26701
26581
26485
26413
26323
2631
26163
26150
25972
2597
25940
25906
25900
25842
2582
2573
2562
2537
244
2425
2415
2388
2362
2323
2320
2314
2260
2227
2074
1990
1978
1971
1896
1864
183
1816
1796
1788
1762
1757
167
161594
161155
160954
160656
1606
160565
160563
160440
159858
158528
155392
1550
149590
1495
1493
148
147845
146501
1465
1463
145775
144714
1440
143472
143255
142240
142192
141749
141422
140745
140725
140237
139915
137403
136654
135508
135137
133798
133545
1335
133295
1326
132547
132462
132458
132074
131796
1310
130960
130634
130
129937
129659
129364
129250
129
128520
127728
127194
126106
120783
118702
118700
118334
117434
117123
1169
116887
115534
114459
113705
113275
113207
112850
112655
112653
111743
111624
110771
110752
110453
110194
109895
109687
109205
109183
108689
108601
108506
108188
108
107771
1068
106417
106397
106236
106004
105715
105211
105037
104760
104339
104241
104211
104129
104078
103865
103671
103299
103221
102905
1026
102407
102252
102165
101904
101884
101531
100450
100226
100032
99741
99615
99117
99085
98933
98803
987
98369
98175
97858
97836
97757
97742
97593
97393
97188
96792
96432
96314
963
95583
95165
94672
93242
92756
92048
91976
91974
91873
91622
91610
91126
90738
90357
90249
9000
8974
8955
8954
89260
88950
88879
8871
88672
8853
8832
8785
87522
87444
87383
8695
86721
8672
86626
8642
8614
86028
86014
8591
8583
85399
8527
85261
8463
8459
84304
84160
8410
8367
83374
83293
82934
8263
82608
82463
8236
82152
81910
8143
81191
80839
80584
80350
8015
8009
80083
7987
79824
7979
7939
7922
79163
7916
78893
7872
78653
78544
7843
78264
7817
78160
78101
7789
7786
7708
7585
75803
746
7453
7407
73854
7372
73572
7357
7305
72696
72683
72104
7195
7186
7182
7180
7178
71573
71490
71468
71318
7130
7126
7111
710
7071
70697
7059
70305
7016
7009
69720
69253
68952
6858
6840
6830
6829
68137
6803
67695
6739
6730
6725
670
6678
6676
6645
66335
66310
66200
6611
6566
6562
6528
6527
6522
6515
6513
6509
64990
6473
6447
6426
64229
6416
64153
6414
6408
6369
6349
63481
6315
62792
6245
62383
6227
6182
6123
6095
6084
6078
6037
6032
5993
59846
5963
59519
59258
58975
58964
58554
5843
5825
5819
5815
5803
5784
57430
5737
57326
5718
5699
56801
5680
5678
567
5612
561
56095
55895
5575
5562
5553
5516
55156
54771
54745
5458
5448
54419
53460
5298
5297
5279
5229
5226
5208
5203
5199
5182
51575
51380
5111
51091
51088
5102
5097
50792
5071
50583
5038
5027
50245
5012
49961
498
4971
49688
4952
4949
49274
4893
4875
48741
48522
48268
4806
47950
47937
4756
4754
4751
47493
4724
47092
4698
46948
46919
4675
46337
4614
4602
460
45942
4561
4560
4528
45179
4498
4496
449
44717
44671
4458
44245
4392
4391
43838
43832
43558
43556
4354
43419
43333
4276
42740
4216
42013
4197
4171
41573
4123
40946
4092
409
4079
4062
4035
3956
39419
3941
3908
38992
3895
3880
3879
3875
3857
3845
3843
3840
3832
3804
3800
37785
375
3731
3708
3691
3680
3658
3628
3611
3605
3602
3560
3506
34517
3449
3436
34271
3415
3399
33830
33688
33592
33587
3351
33495
3340
3327
32632
32387
32381
32371
32302
32017
31963
31747
31724
3171
31445
31413
3045
3042
3031
2928
2899
2868
2864
2835
2832
2799
27851
27837
2776
27751
27685
27648
27482
27410
2741
2727
2708
2697
26819
26791
26784
26750
26737
26736
26694
26578
26409
26386
26338
26271
26242
2621
26176
26164
26133
26012
26010
26003
25941
25916
25891
25874
25865
25856
25828
2548
2540
2483
2441
2437
2373
2342
2276
2266
2265
2215
2207
214
1973
1880
1785
1767
1756
1731
1728
1655
1652
1646
1632
1624
161336
1595
1570
1549
1525
152091
1501
149612
1468
146604
146443
1458
1456
1445
1442
141890
140751
140747
140741
140739
139855
139130
138610
138258
135536
135266
133824
133645
132480
1322
130682
130522
129657
127212
127164
127158
127136
126430
126420
123663
121231
118898
118354
118248
117590
117533
116503
116207
115624
1154
1152
115151
115139
114818
114795
114766
114060
113532
113348
113345
113252
113225
112940
112921
112735
112582
112450
112399
112303
112062
111251
110858
110826
110297
110110
109740
109673
109359
109074
108981
108795
108090
107910
106883
106332
106204
1055
105429
105121
104944
104757
104457
103755
103688
103655
103339
103107
102995
102469
101577
101112
101106
100745
100517
100326
100163
99917
99669
99609
99574
99437
99415
98441
980
976
97254
972
96691
96667
96530
96490
96007
95963
95782
95543
95449
94833
94478
94323
94011
93272
92498
92163
91688
91488
91414
90343
9012
90061
89761
89753
89678
89321
8920
89194
89072
8839
8831
8814
8795
8761
87298
8722
8718
86852
8625
8575
8572
8494
8487
8388
83603
8336
83270
831
8268
8195
81949
8190
81660
80736
80590
80572
8056
8039
80346
80166
7995
7938
7888
78517
7835
7774
7759
77421
77201
7650
7613
7584
74948
7437
7415
7411
7394
73664
73488
73469
73386
73276
72737
7272
72694
72603
7255
72405
7228
72169
71525
71404
71282
70898
70488
703
6982
6977
69685
69654
6964
6958
69495
69436
6906
6885
6856
68536
6851
68444
6828
6788
67867
6779
67429
6707
6706
6683
664
6630
6603
6584
65310
6521
65133
65126
64321
6400
6395
63540
6348
6342
6314
6305
62801
6240
6232
6229
6225
61705
61350
61123
6103
6073
6025
59669
5965
5926
5913
58904
58879
58839
5883
5875
5873
5859
5854
58301
5829
580
5787
5773
5745
5735
5723
57223
5703
56915
5691
5685
5666
5663
563
5619
5609
55946
5588
5573
5535
5501
5443
5434
54251
5373
53466
53207
5275
5267
52528
5172
5153
51357
5122
5119
50842
5080
5043
5016
50147
5001
49528
49299
49
4863
4861
4859
48414
48319
48231
4812
4775
4771
4763
47606
4750
4736
4721
4684
4667
4666
4659
46561
4610
45732
4541
45221
45210
45000
44864
4477
4471
44597
44193
4411
4397
43904
43351
4324
42958
42730
42721
42217
4185
4183
4167
41585
4140
4136
4126
4106
4089
40833
4082
40817
408
4073
40597
4051
4003
3985
3976
3971
3962
3924
3918
3839
38384
3835
3805
38
37855
3759
37211
3662
3553
3531
3496
34583
34530
34364
34359
3402
33896
3343
33380
32943
3282
32395
32369
32203
32078
3206
3180
31431
3122
3121
30894
3048
3041
3029
3013
2996
2913
2887
2885
2860
27912
2786
27826
27674
27334
27329
2691
26870
26704
26686
26631
26325
26302
26229
26208
26116
26085
25999
25993
25937
25927
25904
25901
25898
25826
25807
25774
25773
25755
2493
2438
2350
2295
228
2256
2254
2219
2164
2079
2040
2035
2007
1988
1980
1928
1903
1852
1839
1804
1715
1671
164979
1627
157667
157200
156726
1555
1535
1532
148482
146682
145839
143257
1430
142536
141956
141124
1382
137337
136816
136800
136562
136305
134859
133281
132800
132496
132488
1324
131830
131714
131451
129737
127144
120392
119655
119
118326
117456
116985
116849
1168
116419
116413
114254
114122
113780
113220
112788
112334
112070
111795
111505
110348
110058
109864
109846
108709
107769
107042
105763
104312
104272
104074
103819
103813
103731
103449
103210
102278
101895
101850
101076
100487
100390
100272
100159
100034
100017
99106
990
98160
98
96863
96590
96565
96281
96150
95567
95182
95147
94969
94953
94919
93982
92694
92494
92264
91483
91325
91128
90524
8946
89337
8882
8850
885
8840
8813
88106
88024
87975
8772
87529
8745
8720
8690
86593
8504
85025
85022
85020
8462
8420
8364
8332
8267
8256
82499
8187
81512
81138
80917
80615
7991
79868
7935
79057
78967
7820
7764
7714
76763
76738
7636
7625
75990
75985
7574
74370
7294
72626
72380
7222
72176
7192
7189
7172
71494
71438
7131
7048
70465
70418
70336
70201
7020
7001
69908
69604
69278
6927
69134
68835
6826
6820
6813
67799
6770
6769
67361
66686
6646
66427
6585
64900
6454
6446
6424
6415
64032
6384
6368
63276
62733
6198
6186
6178
61394
6124
6116
6115
6109
61013
6096
6056
6047
60382
59935
5933
58889
58432
58297
58105
5777
5707
5694
5600
55851
5581
5570
55684
5538
5531
5530
55207
55071
5462
54270
5425
54220
5416
5404
5383
5343
53138
5277
526
5227
52241
51937
51931
5180
5087
5053
5046
5042
4977
4976
4925
4895
4840
48198
47978
47894
4789
4737
46855
4615
4573
45662
4520
4516
44911
4487
44828
447
4390
43560
4342
4207
4184
4162
4139
40491
39779
3938
39231
3901
3860
3780
3770
37384
37277
3694
3692
3673
3663
36553
3637
3613
3492
34608
3459
3454
3432
3426
34018
34002
33880
33817
3380
3344
33358
3304
33021
32914
3281
32582
32289
32211
32160
3205
32022
3161
3138
31101
3024
3008
2904
2900
2884
2850
2790
27867
2783
27778
27722
27005
26812
2681
26731
26574
2655
26435
26375
26349
26346
26303
26251
26178
26125
26086
26013
25962
2586
25839
25792
2577
2476
2449
2370
2292
2098
2055
2050
2049
2024
1970
1861
1859
1841
164977
1629
161918
161582
1600
158238
155820
152079
151307
1508
1433
142068
141866
1410
140928
140816
139415
135268
1349
133782
1325
1317
130083
127204
121491
119068
116397
116136
115216
114925
114635
1145
113064
112897
112112
111249
109191
108727
108715
107953
106542
105731
1053
104597
1044
104119
103539
102716
102684
101529
100498
100306
98836
97817
96901
95207
93831
93563
93432
93270
92439
91842
91660
91134
90719
90522
88954
8851
88356
8820
8768
8763
87483
86898
86817
8534
83086
8070
8057
79720
79251
7883
7818
77427
77364
7702
7564
7379
73323
72947
71804
71668
7150
7084
7083
69559
6797
66659
6658
6613
6599
6568
6332
6266
6260
6250
6230
61289
61248
6100
6092
6031
5984
59805
5968
5961
59180
5893
5869
5857
5636
5599
5534
5521
5471
54513
5450
54426
5348
5164
5161
51418
5088
5002
49917
4933
4831
48262
47952
47714
4755
47274
4716
45521
4544
44759
4402
4302
4168
4122
4068
401
3939
3847
3719
37
3687
3664
3661
3660
36289
3431
3392
33912
3314
3197
31162
31104
30818
27882
27555
2754
2733
26838
26663
26324
26317
25920
2552
2536
2534
2286
1932
1888
1626
160080
1583
152173
1502
148238
1482
143377
140743
138546
135264
132888
1328
130642
127096
124859
120821
117121
116799
115881
115174
112689
112460
110611
108949
107945
1067
106330
105351
104321
103984
102033
101360
99912
95508
89837
8927
8915
8290
82095
81641
7846
7748
767
7358
7023
6981
68959
66066
62912
6264
6233
61071
5846
56563
56336
55100
50445
4961
4957
4912
4761
4529
4511
4403
43708
4055
39444
3940
38994
3665
32728
27373
26430
1855
1593
158783
140523
133377
131
118260
118082
114044
110781
108873
106144
104595
104245
104076
